0 0.257447 0.201407 0.387242 0.025575
0 0.566082 0.201407 0.230029 0.025575
0 0.719159 0.200767 0.079434 0.026854
0 0.846585 0.200767 0.178727 0.026854
0 0.370806 0.226982 0.620581 0.025575
0 0.807695 0.227621 0.256507 0.026854
0 0.256620 0.253197 0.388897 0.026854
0 0.566082 0.253836 0.230029 0.028133
0 0.807695 0.252558 0.256507 0.028133
0 0.257447 0.279412 0.390552 0.025575
0 0.694336 0.279412 0.486535 0.028133
0 0.499887 0.305627 0.872123 0.026854
1 0.398112 0.332481 0.052956 0.016624
1 0.465135 0.331202 0.051301 0.016624
1 0.810178 0.331202 0.052956 0.014066
1 0.881337 0.331841 0.052956 0.015345
1 0.400594 0.358056 0.054611 0.016624
1 0.463480 0.357417 0.047992 0.015345
0 0.499887 0.434143 0.872123 0.035806
0 0.139123 0.464834 0.150594 0.025575
0 0.324470 0.465473 0.220099 0.024297
0 0.685234 0.465473 0.501429 0.026854
0 0.196216 0.491049 0.268091 0.026854
1 0.485821 0.489770 0.056266 0.016624
1 0.547051 0.490409 0.049646 0.017903
1 0.463480 0.570332 0.051301 0.014066
1 0.527193 0.569693 0.052956 0.015345
0 0.762186 0.491049 0.347525 0.026854
0 0.499887 0.517903 0.872123 0.026854
0 0.140778 0.544757 0.160524 0.026854
0 0.328607 0.544757 0.215135 0.026854
0 0.686061 0.544757 0.499774 0.026854
0 0.186287 0.570972 0.248232 0.025575
0 0.753084 0.570972 0.369039 0.025575
0 0.499060 0.596547 0.873778 0.025575
0 0.499887 0.691176 0.872123 0.028133
0 0.500715 0.719949 0.873778 0.029412
0 0.499060 0.748082 0.873778 0.029412
0 0.499887 0.775575 0.875433 0.028133
0 0.499177 0.803549 0.874013 0.031010
0 0.499060 0.832481 0.873778 0.026854
0 0.499887 0.860614 0.872123 0.029412