0 0.281118 0.115090 0.445626 0.027174
0 0.640966 0.115889 0.253149 0.025575
0 0.873194 0.115090 0.144358 0.027174
0 0.235091 0.163843 0.353572 0.025575
0 0.559373 0.161445 0.278255 0.023977
0 0.828213 0.163843 0.230136 0.028772
0 0.342836 0.218990 0.205030 0.027174
0 0.716283 0.218990 0.462363 0.027174
0 0.498701 0.275735 0.893344 0.025575
0 0.283210 0.327685 0.458179 0.027174
0 0.623183 0.326886 0.205030 0.025575
0 0.839720 0.326087 0.211306 0.027174
0 0.283210 0.378836 0.453995 0.027174
0 0.731974 0.378037 0.435165 0.031969
1 0.814614 0.464354 0.069041 0.025575
1 0.896207 0.465153 0.069041 0.023977
0 0.283210 0.489930 0.458179 0.028772
0 0.395140 0.587436 0.271978 0.022379
0 0.894115 0.589834 0.098331 0.020780
0 0.605400 0.614610 0.679946 0.022379
0 0.447443 0.649776 0.175740 0.019182
1 0.571926 0.681746 0.056488 0.025575
1 0.672348 0.681746 0.064856 0.025575
1 0.376310 0.516304 0.066949 0.020780
1 0.448489 0.516304 0.060672 0.017583
1 0.493470 0.533088 0.071133 0.015985
1 0.570879 0.533088 0.062764 0.019182
1 0.635736 0.549073 0.066949 0.019182
1 0.714191 0.551471 0.069041 0.023977
0 0.144083 0.769661 0.192477 0.027174
0 0.306224 0.769661 0.131805 0.030371
0 0.461042 0.768862 0.177832 0.028772
0 0.739297 0.768862 0.382862 0.028772
0 0.144083 0.797634 0.192477 0.028772
0 0.306224 0.797634 0.131805 0.028772
0 0.459996 0.796835 0.179924 0.027174
0 0.740343 0.796835 0.384954 0.030371
0 0.145129 0.824808 0.194569 0.028772
0 0.306224 0.824808 0.131805 0.028772
0 0.461042 0.824808 0.177832 0.028772
0 0.739297 0.824808 0.382862 0.028772
0 0.145129 0.853581 0.194569 0.028772
0 0.306224 0.853581 0.131805 0.028772
0 0.459996 0.852781 0.179924 0.030371
0 0.739297 0.852781 0.382862 0.030371
0 0.145129 0.881554 0.194569 0.027174
0 0.308316 0.881554 0.131805 0.027174
0 0.461042 0.880754 0.177832 0.028772
0 0.740343 0.880754 0.384954 0.028772
0 0.417107 0.917519 0.663209 0.022379