0 0.867239 0.120205 0.198781 0.043478
0 0.572437 0.203325 0.815338 0.035806
0 0.572437 0.239130 0.774908 0.035806
0 0.513477 0.276215 0.886090 0.043478
0 0.345018 0.318414 0.360501 0.035806
0 0.786379 0.315857 0.340286 0.035806
0 0.309642 0.441176 0.464945 0.035806
0 0.310215 0.477713 0.466870 0.040190
0 0.310215 0.517903 0.462057 0.036536
0 0.311418 0.553526 0.464463 0.034710
0 0.309012 0.590062 0.454837 0.034710
0 0.307809 0.632079 0.452431 0.038363
0 0.608627 0.439350 0.134767 0.040190
0 0.611033 0.478626 0.139580 0.042017
0 0.607424 0.518816 0.132360 0.038363
0 0.607424 0.553526 0.137173 0.038363
0 0.606220 0.591889 0.139580 0.038363
0 0.607424 0.631166 0.141986 0.036536
0 0.743393 0.439350 0.134767 0.043844
0 0.748207 0.478626 0.134767 0.034710
0 0.745800 0.516076 0.134767 0.036536
0 0.744597 0.553526 0.132360 0.034710
0 0.745800 0.590976 0.134767 0.032883
0 0.747003 0.629339 0.137173 0.040190
0 0.886583 0.440263 0.146799 0.042017
0 0.884176 0.480453 0.141986 0.038363
0 0.882973 0.518816 0.144393 0.038363
0 0.884176 0.554439 0.146799 0.036536
0 0.886583 0.591889 0.151612 0.038363
0 0.886583 0.629339 0.146799 0.036536
0 0.518381 0.708805 0.868763 0.093168
0 0.429339 0.819328 0.296005 0.025575
0 0.330671 0.855864 0.502968 0.032883
0 0.412493 0.891487 0.339323 0.031056
0 0.394444 0.929850 0.370608 0.034710
0 0.367972 0.970040 0.428365 0.034710
0 0.844468 0.816588 0.235841 0.031056
0 0.845672 0.854037 0.228622 0.032883
0 0.811980 0.894227 0.286379 0.032883
0 0.837249 0.930764 0.235841 0.032883
0 0.816793 0.970954 0.271940 0.036536