0 0.315756 0.164962 0.282374 0.086957
0 0.244662 0.257033 0.148196 0.076726
0 0.383846 0.258312 0.122162 0.074169
0 0.313753 0.347826 0.278369 0.074169
0 0.316757 0.442455 0.280371 0.074169
0 0.315756 0.537084 0.286379 0.069054
0 0.230643 0.679028 0.424563 0.071611
0 0.309748 0.759591 0.266353 0.074169
0 0.752334 0.606138 0.434576 0.069054
0 0.757341 0.856777 0.436578 0.069054
1 0.133514 0.938619 0.094125 0.053708
1 0.269695 0.933504 0.098130 0.053708
1 0.687248 0.387468 0.208276 0.051151
1 0.694257 0.336317 0.222295 0.046036
1 0.674231 0.278772 0.182241 0.053708
1 0.651200 0.231458 0.132175 0.051151