0 0.628431 0.216173 0.533226 0.015832
0 0.629302 0.232006 0.531483 0.018268
0 0.629302 0.247838 0.531483 0.015832
0 0.629324 0.263132 0.532020 0.016722
0 0.629324 0.278379 0.532020 0.015739
0 0.630028 0.293134 0.533427 0.015739
0 0.629324 0.307889 0.532020 0.015739
0 0.363314 0.368385 0.129486 0.016722
0 0.363314 0.384124 0.129486 0.016722
0 0.363314 0.399862 0.129486 0.016722
0 0.362610 0.415109 0.128079 0.015739
0 0.817220 0.157387 0.074595 0.019673
0 0.284496 0.107712 0.160450 0.028526
0 0.629324 0.525772 0.532020 0.030494
0 0.629324 0.547905 0.532020 0.017706
0 0.629324 0.571021 0.532020 0.030494
0 0.629324 0.593154 0.532020 0.015739