0 0.295940 0.113491 0.267032 0.031969
0 0.720293 0.115090 0.271172 0.028772
0 0.326388 0.151626 0.196355 0.025575
0 0.759317 0.149799 0.182161 0.025575
0 0.294451 0.215779 0.260230 0.033313
0 0.721465 0.215564 0.257864 0.032883
0 0.508425 0.252746 0.679938 0.028584
0 0.322367 0.287348 0.202618 0.028584
0 0.719810 0.285843 0.261065 0.025575
0 0.717861 0.321198 0.257169 0.024071
0 0.257021 0.394593 0.329625 0.026793
0 0.503057 0.394593 0.162447 0.026793
0 0.623709 0.394593 0.082012 0.026793
0 0.704932 0.394593 0.080435 0.026793
0 0.796407 0.394593 0.102515 0.026793
0 0.257021 0.420168 0.329625 0.026793
0 0.503057 0.421386 0.162447 0.026793
0 0.623709 0.421386 0.082012 0.026793
0 0.704144 0.421386 0.082012 0.026793
0 0.797196 0.421995 0.100938 0.028011
0 0.257021 0.446961 0.329625 0.026793
0 0.503057 0.446961 0.162447 0.026793
0 0.625286 0.447570 0.078858 0.025575
0 0.704932 0.446961 0.080435 0.026793
0 0.796407 0.446961 0.102515 0.026793
0 0.257021 0.473146 0.329625 0.025575
0 0.502268 0.473755 0.160870 0.026793
0 0.624498 0.473146 0.080435 0.028011
0 0.704932 0.473146 0.080435 0.028011
0 0.796407 0.472537 0.102515 0.026793
0 0.256232 0.499330 0.331202 0.026793
0 0.503057 0.499330 0.162447 0.026793
0 0.623709 0.499330 0.082012 0.026793
0 0.704932 0.499330 0.083589 0.026793
0 0.796407 0.498721 0.102515 0.028011
0 0.256232 0.526123 0.331202 0.029229
0 0.502268 0.525515 0.164024 0.028011
0 0.623709 0.526123 0.082012 0.029229
0 0.704932 0.525515 0.083589 0.028011
0 0.796407 0.526123 0.102515 0.026793
0 0.256232 0.552917 0.331202 0.026793
0 0.503057 0.552308 0.162447 0.028011
0 0.622920 0.552917 0.080435 0.026793
0 0.704932 0.551699 0.083589 0.026793
0 0.797196 0.552308 0.104092 0.028011
0 0.256232 0.578492 0.331202 0.026793
0 0.502268 0.579101 0.160870 0.028011
0 0.623709 0.580319 0.082012 0.028011
0 0.704144 0.579101 0.082012 0.028011
0 0.796407 0.579101 0.102515 0.028011
0 0.256232 0.604677 0.331202 0.025575
0 0.503057 0.605286 0.162447 0.026793
0 0.622920 0.605286 0.083589 0.026793
0 0.704932 0.605286 0.083589 0.029229
0 0.796407 0.604068 0.099361 0.026793
0 0.796568 0.634675 0.099361 0.033652
0 0.795696 0.668327 0.104590 0.036344
0 0.796568 0.711401 0.099361 0.052497