0 0.286522 0.213555 0.386804 0.016624
0 0.302293 0.234655 0.351942 0.015345
0 0.278222 0.254476 0.396765 0.016624
0 0.291503 0.277494 0.376843 0.016624
0 0.387789 0.366368 0.220794 0.017903
0 0.385298 0.390026 0.219134 0.019182
0 0.384468 0.414322 0.217473 0.019182
0 0.386128 0.437340 0.214153 0.019182
0 0.385298 0.460358 0.215813 0.019182
0 0.385298 0.485294 0.212493 0.015345
0 0.772102 0.410486 0.378503 0.021739
0 0.767122 0.436061 0.405065 0.019182
0 0.772932 0.507673 0.370203 0.021739
0 0.762142 0.531330 0.388464 0.020460
1 0.603602 0.464834 0.107907 0.025575
1 0.716489 0.465473 0.087985 0.024297
1 0.847637 0.465473 0.114547 0.024297
1 0.079839 0.537724 0.066404 0.025575
1 0.195217 0.535806 0.161030 0.021739
1 0.375338 0.537724 0.199212 0.025575
1 0.081500 0.616368 0.102926 0.026854
1 0.083160 0.645780 0.099606 0.024297
1 0.080669 0.675831 0.097946 0.028133
1 0.078179 0.705882 0.099606 0.021739
1 0.079839 0.737852 0.099606 0.026854
1 0.070709 0.771100 0.087985 0.024297
1 0.079009 0.799872 0.101266 0.023018
1 0.074859 0.830563 0.096286 0.023018
1 0.377828 0.738491 0.101266 0.023018
1 0.376168 0.707801 0.097946 0.025575
1 0.373678 0.677749 0.106247 0.021739
1 0.379488 0.647698 0.097946 0.028133
1 0.379488 0.615090 0.087985 0.021739
1 0.587001 0.613811 0.134468 0.024297
1 0.602772 0.646419 0.162690 0.025575
1 0.585341 0.677749 0.131148 0.024297
1 0.582851 0.709079 0.126168 0.023018
1 0.588661 0.740409 0.134468 0.024297
1 0.587001 0.768542 0.137789 0.021739
1 0.590321 0.798593 0.141109 0.025575
1 0.564590 0.831202 0.086325 0.024297
1 0.405220 0.907289 0.116207 0.025575
1 0.283202 0.908568 0.101266 0.025575
1 0.180276 0.907289 0.091306 0.023018
1 0.080669 0.907289 0.091306 0.023018
1 0.095610 0.970588 0.111227 0.021739
1 0.230079 0.970588 0.154390 0.021739
1 0.391109 0.968670 0.164350 0.020460
0 0.805304 0.872123 0.341981 0.024297
0 0.805304 0.898338 0.341981 0.030691
0 0.804474 0.925831 0.340321 0.026854
0 0.804474 0.950128 0.340321 0.026854
0 0.805304 0.975064 0.338661 0.028133
0 0.813605 0.615090 0.315420 0.026854
0 0.826886 0.645780 0.285538 0.026854
0 0.811115 0.677110 0.320400 0.023018
0 0.808625 0.709079 0.325380 0.023018
0 0.811115 0.738491 0.307119 0.023018
0 0.812775 0.767903 0.317080 0.023018
0 0.813605 0.797954 0.308779 0.024297
0 0.788703 0.830563 0.361902 0.020460