0 0.244318 0.246032 0.415584 0.060606
0 0.060877 0.674603 0.045455 0.023088
0 0.244318 0.792929 0.415584 0.057720
1 0.066558 0.882395 0.056818 0.028860
1 0.063312 0.603896 0.053571 0.025974
1 0.060877 0.577922 0.051948 0.025974
1 0.061688 0.547619 0.047078 0.023088
1 0.067370 0.521645 0.061688 0.023088
1 0.060877 0.494228 0.048701 0.025974
1 0.059253 0.367244 0.045455 0.025974
1 0.060877 0.396104 0.048701 0.020202
1 0.060065 0.422078 0.050325 0.025974
1 0.542208 0.114719 0.050325 0.023088
1 0.541396 0.143579 0.055195 0.028860
1 0.541396 0.169553 0.051948 0.023088
1 0.544643 0.199856 0.058442 0.025974
1 0.546266 0.227273 0.058442 0.023088
1 0.535714 0.256133 0.040584 0.023088
0 0.728896 0.344156 0.430195 0.060606
0 0.728084 0.448052 0.428571 0.060606
0 0.726461 0.551948 0.422078 0.060606
0 0.728896 0.667388 0.423701 0.054834
0 0.729708 0.810245 0.428571 0.126984