0 0.318597 0.191017 0.205262 0.027174
0 0.318597 0.227781 0.201197 0.027174
0 0.317581 0.262948 0.199165 0.027174
0 0.318597 0.298114 0.201197 0.030371
0 0.316565 0.334879 0.193068 0.027174
0 0.317581 0.385230 0.203230 0.028772
0 0.365340 0.420396 0.290619 0.025575
0 0.337904 0.459559 0.235747 0.023977
0 0.321645 0.504316 0.207294 0.027174
0 0.367372 0.541880 0.315006 0.025575
0 0.312500 0.581841 0.189004 0.025575
0 0.435454 0.882353 0.434912 0.062340
0 0.318597 0.935902 0.205262 0.022379
1 0.282225 0.825722 0.120777 0.021922
1 0.396034 0.824504 0.106841 0.019486
1 0.524552 0.824504 0.150196 0.021922
1 0.662362 0.784923 0.078969 0.020704
1 0.694104 0.761783 0.142454 0.020704
1 0.721201 0.739861 0.202843 0.020704
1 0.780041 0.717939 0.323619 0.018268
1 0.751396 0.691755 0.266328 0.026793
1 0.323258 0.695409 0.202843 0.021922
1 0.332549 0.717939 0.218327 0.020704
1 0.393711 0.738643 0.340652 0.020704
1 0.332549 0.762392 0.218327 0.017050
1 0.380550 0.783705 0.314329 0.018268