1 0.128716 0.361893 0.166280 0.030691
1 0.111633 0.396419 0.118446 0.033248
1 0.105938 0.432225 0.120724 0.033248
1 0.129855 0.469309 0.159447 0.035806
1 0.143522 0.503836 0.191336 0.033248
1 0.117327 0.543478 0.138947 0.030691
1 0.092271 0.578005 0.093390 0.028133
1 0.107077 0.675192 0.113891 0.033248
1 0.268802 0.686701 0.113891 0.046036
1 0.444194 0.689258 0.141224 0.051151
1 0.592251 0.687980 0.118446 0.048593
1 0.767643 0.680307 0.136669 0.038363
1 0.120744 0.742967 0.141224 0.046036
1 0.137828 0.859335 0.179947 0.033248
1 0.107077 0.891304 0.113891 0.030691
1 0.129855 0.928389 0.154891 0.033248