0 0.852041 0.187340 0.194028 0.021739
0 0.854275 0.208156 0.189560 0.022734
0 0.853297 0.230179 0.187606 0.021313
0 0.855252 0.247229 0.187606 0.018471
0 0.136333 0.447014 0.108587 0.022240
0 0.322920 0.446458 0.264585 0.023351
0 0.507976 0.447570 0.105528 0.023351
0 0.611975 0.447014 0.102469 0.024463
0 0.725915 0.447014 0.125410 0.024463
0 0.858972 0.447014 0.143763 0.024463
0 0.355037 0.748360 0.545994 0.091182
0 0.858972 0.682753 0.143763 0.024463
0 0.859737 0.706661 0.145292 0.021128
0 0.859737 0.728900 0.142234 0.023351
0 0.859737 0.752808 0.142234 0.024463
0 0.859737 0.776715 0.145292 0.023351
0 0.886501 0.901813 0.146822 0.025575
0 0.867384 0.929056 0.188116 0.024463
0 0.136516 0.470482 0.109925 0.025575
0 0.321923 0.470482 0.266752 0.025575
0 0.508796 0.471014 0.106994 0.024510
0 0.612125 0.471014 0.102597 0.024510
0 0.725715 0.471014 0.124582 0.022379
0 0.858358 0.472080 0.143636 0.024510
0 0.136516 0.494459 0.109925 0.022379
0 0.322656 0.494459 0.265286 0.024510
0 0.508063 0.494459 0.105528 0.024510
0 0.612125 0.494459 0.102597 0.024510
0 0.724249 0.494459 0.124582 0.024510
0 0.859824 0.494459 0.143636 0.022379
0 0.135783 0.517903 0.111391 0.024510
0 0.323388 0.517903 0.266752 0.024510
0 0.509528 0.517903 0.105528 0.022379
0 0.611393 0.518968 0.104063 0.024510
0 0.725715 0.517903 0.124582 0.024510
0 0.859091 0.517903 0.142170 0.024510
0 0.136516 0.541880 0.109925 0.023444
0 0.322656 0.541347 0.265286 0.022379
0 0.508063 0.541347 0.105528 0.024510
0 0.612125 0.541347 0.105528 0.022379
0 0.725715 0.541880 0.124582 0.023444
0 0.859824 0.541880 0.143636 0.023444
0 0.136516 0.565324 0.109925 0.023444
0 0.324121 0.565324 0.265286 0.025575
0 0.508796 0.564791 0.106994 0.024510
0 0.612125 0.565324 0.102597 0.023444
0 0.725715 0.565324 0.124582 0.023444
0 0.859824 0.565324 0.143636 0.023444
0 0.136516 0.589301 0.109925 0.022379
0 0.323388 0.588768 0.263821 0.023444
0 0.508063 0.588235 0.105528 0.022379
0 0.612125 0.588768 0.102597 0.023444
0 0.726448 0.587702 0.126048 0.023444
0 0.859824 0.588235 0.143636 0.024510
0 0.135783 0.612212 0.111391 0.023444
0 0.324121 0.612212 0.265286 0.023444
0 0.508796 0.611679 0.106994 0.024510
0 0.612125 0.612212 0.102597 0.023444
0 0.724982 0.611679 0.126048 0.024510
0 0.859824 0.612212 0.143636 0.023444
0 0.136516 0.636189 0.109925 0.024510
0 0.323388 0.635656 0.263821 0.023444
0 0.508063 0.635656 0.108460 0.023444
0 0.612125 0.635656 0.102597 0.023444
0 0.724982 0.635656 0.126048 0.023444
0 0.859824 0.635124 0.143636 0.022379
0 0.136516 0.659101 0.109925 0.023444
0 0.322656 0.659101 0.265286 0.023444
0 0.508063 0.659101 0.108460 0.023444
0 0.612858 0.659101 0.101131 0.023444
0 0.725715 0.659633 0.124582 0.024510
0 0.859091 0.658035 0.145101 0.025575