0 0.358366 0.125621 0.360180 0.031593
0 0.807131 0.125621 0.295932 0.034602
0 0.230843 0.164736 0.260887 0.025575
0 0.590049 0.161727 0.270622 0.028584
0 0.859698 0.163232 0.183010 0.028584
0 0.145178 0.196329 0.077877 0.022567
0 0.322348 0.197834 0.097346 0.025575
0 0.543323 0.195577 0.130444 0.024071
0 0.808104 0.194825 0.270622 0.025575
0 0.294118 0.327215 0.360180 0.028584
0 0.279516 0.363322 0.272569 0.025575
0 0.540403 0.362570 0.159647 0.027080
0 0.715626 0.358056 0.073983 0.027080
0 0.892796 0.360313 0.097346 0.025575
0 0.225975 0.397924 0.134337 0.022567
0 0.449871 0.398676 0.138231 0.024071
0 0.761378 0.393411 0.356286 0.025575
0 0.293144 0.476907 0.350446 0.021062
0 0.277569 0.511509 0.268675 0.021062
0 0.539430 0.513013 0.157701 0.021062
0 0.715626 0.507748 0.073983 0.019558
0 0.894742 0.507748 0.101240 0.022567
0 0.225002 0.543854 0.140178 0.022567
0 0.449871 0.543854 0.130444 0.022567
0 0.761378 0.540845 0.356286 0.022567
0 0.232790 0.680006 0.288144 0.024071
0 0.348631 0.804874 0.515934 0.037611
0 0.781821 0.803370 0.272569 0.037611
0 0.349605 0.880096 0.517881 0.025575
0 0.776954 0.878592 0.266728 0.028584
1 0.603745 0.474973 0.070924 0.015832
1 0.684125 0.474973 0.067771 0.018268
1 0.815728 0.474364 0.141847 0.019486