0 0.334743 0.161125 0.163683 0.033248
0 0.503148 0.159847 0.166831 0.035806
0 0.710899 0.159847 0.229786 0.035806
0 0.501574 0.244246 0.503640 0.035806
0 0.504722 0.310742 0.503640 0.035806
0 0.375664 0.381074 0.251820 0.038363
0 0.630632 0.381074 0.251820 0.038363
0 0.333169 0.447570 0.166831 0.038363
0 0.627484 0.448849 0.245524 0.040921
0 0.520460 0.553708 0.547708 0.035806
0 0.290675 0.612532 0.081841 0.035806
0 0.424454 0.612532 0.141649 0.035806
0 0.333169 0.698210 0.160535 0.043478
0 0.459079 0.696931 0.078694 0.040921
0 0.558233 0.700767 0.100728 0.038363