0 0.560973 0.031969 0.357635 0.049552
0 0.562012 0.086317 0.355555 0.046355
0 0.559933 0.136669 0.355555 0.047954
0 0.562012 0.191017 0.355555 0.047954
0 0.560973 0.242967 0.349317 0.046355
0 0.562012 0.294917 0.347238 0.047954
1 0.414463 0.348465 0.051824 0.036765
1 0.570330 0.456362 0.363872 0.035166
1 0.546418 0.495524 0.311891 0.033568
1 0.539140 0.537084 0.280702 0.030371
1 0.473643 0.574648 0.153866 0.035166
1 0.486119 0.617807 0.182976 0.031969
0 0.560973 0.668159 0.357635 0.049552
0 0.560973 0.399616 0.349317 0.043159
0 0.678452 0.821611 0.592592 0.241368