0 0.266799 0.221045 0.447675 0.036536
0 0.729307 0.221958 0.455766 0.042017
0 0.498727 0.295031 0.927713 0.038363
0 0.500075 0.336134 0.919622 0.036536
0 0.226346 0.377238 0.361377 0.034710
0 0.597162 0.378151 0.364073 0.036536
0 0.874936 0.378151 0.175295 0.036536
0 0.264102 0.452137 0.447675 0.034710
0 0.738746 0.452137 0.453069 0.038363
1 0.090156 0.519730 0.110570 0.023749
1 0.203423 0.517903 0.105177 0.020095
0 0.721216 0.672269 0.407223 0.036536
1 0.350401 0.666788 0.199566 0.021922
1 0.168364 0.667702 0.148326 0.023749
1 0.169713 0.692364 0.145629 0.018268
0 0.509514 0.801973 0.836020 0.051151