0 0.367490 0.237994 0.203723 0.034101
0 0.368425 0.272094 0.201854 0.034101
0 0.815119 0.238704 0.194377 0.032680
0 0.815119 0.272805 0.194377 0.032680
0 0.275909 0.383632 0.379410 0.066780
0 0.691764 0.382211 0.448563 0.061097
0 0.692699 0.463910 0.446694 0.045467
0 0.291795 0.611679 0.418659 0.065359
0 0.706717 0.612390 0.411183 0.069622
1 0.160964 0.731032 0.164473 0.028417
1 0.309551 0.730321 0.128962 0.026996
1 0.434775 0.731742 0.106534 0.026996
1 0.549719 0.731032 0.112141 0.022734
1 0.129191 0.821256 0.097189 0.024155
1 0.296468 0.822677 0.102796 0.024155
1 0.433840 0.819125 0.115879 0.028417
0 0.376836 0.875959 0.162604 0.031259
0 0.839417 0.881643 0.175687 0.034101
0 0.438513 0.912191 0.278483 0.029838
0 0.835679 0.913612 0.183163 0.026996