1 0.527378 0.041103 0.145224 0.034710
1 0.503981 0.079467 0.098430 0.034710
0 0.645978 0.131531 0.398560 0.051151
0 0.644364 0.188162 0.405015 0.043844
0 0.643558 0.246620 0.406628 0.051151
0 0.488652 0.305992 0.096816 0.049324
0 0.557230 0.365364 0.233973 0.047497
0 0.552389 0.420168 0.221064 0.047497
0 0.696000 0.477713 0.498604 0.038363
0 0.695193 0.518816 0.500217 0.043844
0 0.693579 0.561746 0.500217 0.038363
0 0.619353 0.616551 0.345311 0.045670
0 0.491879 0.674096 0.090362 0.051151
0 0.535446 0.729814 0.180724 0.056631
0 0.565298 0.792839 0.256563 0.054805
0 0.573366 0.849470 0.256563 0.043844
0 0.490265 0.907015 0.090362 0.052978
0 0.554809 0.966387 0.216223 0.047497