0 0.210661 0.268542 0.072688 0.039036
0 0.351999 0.267196 0.207296 0.039036
0 0.496702 0.267196 0.074034 0.041728
0 0.644097 0.267196 0.212680 0.039036
0 0.792166 0.266523 0.075380 0.043074
0 0.333827 0.357383 0.321712 0.041728
0 0.665635 0.357383 0.331135 0.041728
0 0.333154 0.446897 0.323058 0.040382
0 0.665635 0.446224 0.331135 0.041728
0 0.501413 0.537757 0.654193 0.044421
0 0.501413 0.615157 0.662269 0.043074
0 0.200565 0.693229 0.068650 0.037690
0 0.262485 0.692556 0.052497 0.039036
0 0.324404 0.692556 0.068650 0.041728
0 0.501413 0.770629 0.654193 0.040382
0 0.500740 0.849374 0.658231 0.039036
0 0.500740 0.891775 0.655539 0.043074
0 0.366133 0.936196 0.389016 0.043074
0 0.658904 0.936869 0.188451 0.044421
0 0.791493 0.935523 0.068650 0.041728
0 0.501413 0.985597 0.659577 0.028806