0 0.722117 0.093777 0.486013 0.035318
0 0.723112 0.154062 0.488005 0.036536
0 0.724108 0.187553 0.486013 0.030447
0 0.721121 0.220436 0.495972 0.032883
0 0.720125 0.252710 0.489997 0.031665
0 0.721121 0.284984 0.484021 0.035318
0 0.721121 0.318475 0.484021 0.031665
0 0.723112 0.350749 0.484021 0.032883
0 0.721121 0.381805 0.480038 0.029229
0 0.723112 0.412252 0.484021 0.031665
0 0.550817 0.443308 0.139430 0.028011
0 0.807766 0.443917 0.314713 0.031665
0 0.724108 0.529168 0.493981 0.031665
0 0.630491 0.795275 0.314713 0.032883
0 0.548825 0.828766 0.139430 0.030447
0 0.721121 0.828157 0.141422 0.031665
0 0.549821 0.861040 0.141422 0.036536