0 0.366033 0.141578 0.322281 0.040190
0 0.786110 0.142492 0.202259 0.038363
0 0.594303 0.182037 0.627827 0.037611
0 0.490886 0.263277 0.831001 0.079735
0 0.368249 0.363322 0.303846 0.039115
0 0.368249 0.402437 0.300186 0.039115
0 0.368249 0.442305 0.300186 0.040620
0 0.788326 0.363322 0.188531 0.039115
0 0.785580 0.401685 0.190362 0.040620
0 0.788326 0.442305 0.184870 0.037611
0 0.490886 0.550265 0.827341 0.113551
0 0.491801 0.838724 0.829171 0.154957
1 0.194034 0.646943 0.223475 0.023250
1 0.194034 0.673099 0.223475 0.026738
1 0.193327 0.699837 0.224890 0.024413
1 0.194742 0.726575 0.224890 0.029063
1 0.473378 0.646361 0.298438 0.022088
1 0.474085 0.673099 0.297024 0.026738
1 0.474793 0.701000 0.298438 0.024413
1 0.475500 0.727738 0.297024 0.026738
1 0.773231 0.646361 0.270150 0.024413
1 0.773231 0.673681 0.270150 0.025575
1 0.772524 0.699837 0.268736 0.024413
1 0.771817 0.726575 0.267322 0.024413