1 0.209213 0.161379 0.273164 0.049655
1 0.168679 0.224138 0.188571 0.053793
1 0.492510 0.160690 0.229986 0.053793
1 0.474005 0.223448 0.194739 0.046897
1 0.767436 0.162069 0.254659 0.051034
1 0.697823 0.221379 0.110147 0.048276
1 0.136075 0.389655 0.125127 0.051034
1 0.411883 0.388276 0.107503 0.059310
1 0.171322 0.551724 0.190334 0.055172
1 0.437877 0.551034 0.152443 0.048276
1 0.172203 0.617241 0.195621 0.045517
1 0.459025 0.616552 0.191215 0.057931
1 0.149293 0.780690 0.151562 0.049655
1 0.131669 0.839310 0.118077 0.048276
1 0.127704 0.902069 0.096048 0.046897
1 0.479292 0.777931 0.221175 0.052414
1 0.464753 0.842069 0.192096 0.056552
1 0.770520 0.779310 0.250253 0.055172
1 0.706635 0.842759 0.127770 0.052414