0 0.490425 0.840793 0.937556 0.102302
0 0.412132 0.146683 0.319332 0.042124
0 0.405190 0.198586 0.305448 0.043629
0 0.410975 0.246728 0.307762 0.037611
0 0.408661 0.297127 0.303134 0.042124
0 0.406347 0.349782 0.312390 0.039115
1 0.071995 0.523018 0.090477 0.026854
1 0.177225 0.523657 0.104246 0.025575
1 0.293272 0.523657 0.104246 0.023018
1 0.420137 0.521739 0.118014 0.024297
1 0.104449 0.617647 0.147518 0.024297
1 0.297206 0.618286 0.210458 0.028133
1 0.473243 0.617008 0.121948 0.028133
1 0.654198 0.617647 0.216359 0.029412
1 0.133953 0.710358 0.210458 0.025575
1 0.309007 0.709079 0.112113 0.023018
1 0.464392 0.709079 0.178988 0.025575
1 0.655182 0.711637 0.167187 0.023018