0 0.210506 0.266575 0.072792 0.037380
0 0.352672 0.267196 0.200565 0.040382
0 0.497375 0.267869 0.075380 0.036344
0 0.645444 0.267196 0.207296 0.034998
0 0.791493 0.267196 0.071342 0.034998
0 0.333827 0.356037 0.316328 0.037690
0 0.664289 0.358729 0.323058 0.034998
0 0.334500 0.446897 0.314982 0.036344
0 0.664289 0.446897 0.323058 0.039036
0 0.501413 0.535738 0.651501 0.039036
0 0.500067 0.613811 0.651501 0.039036
0 0.203931 0.693902 0.056535 0.034998
0 0.263158 0.692556 0.048459 0.037690
0 0.325077 0.693229 0.059227 0.036344
0 0.500740 0.771302 0.647463 0.036344
0 0.500740 0.846682 0.650155 0.036344
0 0.500740 0.892449 0.650155 0.033652
0 0.366806 0.936869 0.382286 0.033652
0 0.659577 0.936196 0.187105 0.034998
0 0.793512 0.936196 0.064612 0.034998
0 0.502086 0.988289 0.650155 0.023422