1 0.156440 0.122762 0.212049 0.043478
1 0.126876 0.185422 0.161076 0.051151
1 0.148284 0.250639 0.199815 0.048593
1 0.139109 0.317136 0.181465 0.058824
1 0.142168 0.388747 0.199815 0.058824
1 0.349119 0.693095 0.038740 0.043478
1 0.484708 0.691816 0.040779 0.046036
1 0.628453 0.695652 0.050973 0.043478
1 0.760983 0.695652 0.042818 0.043478
1 0.901670 0.694373 0.042818 0.040921
1 0.351158 0.754476 0.042818 0.048593
1 0.487766 0.754476 0.046895 0.043478
1 0.625394 0.753197 0.044856 0.046036
1 0.762003 0.755754 0.040779 0.046036
1 0.903708 0.755754 0.042818 0.046036
1 0.352687 0.817136 0.041798 0.046036
1 0.487766 0.819693 0.042818 0.046036
1 0.627433 0.815857 0.040779 0.043478
1 0.764042 0.815857 0.032623 0.038363
1 0.901670 0.815857 0.030584 0.043478
1 0.351158 0.877238 0.038740 0.038363
1 0.488786 0.875959 0.036701 0.040921
1 0.624375 0.877238 0.034662 0.038363
1 0.760983 0.878517 0.034662 0.035806
1 0.899631 0.877238 0.034662 0.038363
1 0.352177 0.938619 0.036701 0.038363
1 0.485727 0.938619 0.038740 0.043478
1 0.625394 0.937340 0.036701 0.040921
1 0.760983 0.938619 0.038740 0.043478
1 0.899631 0.939898 0.038740 0.040921