0 0.607829 0.014066 0.697944 0.028132
0 0.581231 0.054561 0.751141 0.039216
0 0.567400 0.099744 0.778803 0.037511
0 0.592934 0.144928 0.714967 0.039216
0 0.499308 0.313725 0.914987 0.035806
0 0.499308 0.358056 0.914987 0.039216
0 0.500372 0.401535 0.917115 0.037511
0 0.500372 0.490196 0.912859 0.044331
0 0.498244 0.585678 0.912859 0.046036
0 0.500372 0.697357 0.917115 0.054561
0 0.501436 0.751918 0.923499 0.037511
0 0.239707 0.929241 0.365995 0.047741
0 0.548249 0.928389 0.251090 0.049446
0 0.833384 0.929241 0.327693 0.051151
0 0.238643 0.973572 0.368123 0.047741
0 0.547185 0.975277 0.253217 0.047741
0 0.835512 0.975277 0.323437 0.047741
1 0.115226 0.236147 0.159591 0.040921
1 0.279072 0.235294 0.159591 0.035806
1 0.417384 0.235294 0.117033 0.035806
1 0.539737 0.234442 0.123417 0.037511
1 0.671666 0.235294 0.127673 0.039216