0 0.296675 0.223785 0.397059 0.056266
0 0.698529 0.222506 0.391304 0.053708
0 0.299552 0.310742 0.387468 0.056266
0 0.702366 0.309463 0.391304 0.053708
0 0.298593 0.401535 0.385550 0.053708
0 0.699488 0.400256 0.385550 0.051151
0 0.498082 0.547315 0.784527 0.048593
0 0.500000 0.638107 0.784527 0.051151
1 0.158142 0.721228 0.106138 0.023870
1 0.166454 0.751918 0.120205 0.020460
1 0.144714 0.780051 0.081841 0.022165
1 0.175405 0.812447 0.138107 0.022165
1 0.372975 0.720375 0.103581 0.025575
1 0.369139 0.753623 0.093350 0.020460
1 0.381287 0.780051 0.115090 0.022165
1 0.378090 0.813299 0.111253 0.027280
1 0.586530 0.721228 0.083120 0.023870
1 0.585251 0.752771 0.083120 0.018755
1 0.610827 0.780051 0.139386 0.022165
1 0.184996 0.884058 0.164962 0.025575
1 0.145354 0.914749 0.085678 0.022165
1 0.128730 0.944587 0.054987 0.023870
1 0.377451 0.884058 0.115090 0.022165
1 0.410699 0.914322 0.181586 0.023018
1 0.587170 0.884058 0.086957 0.022165
1 0.609548 0.914749 0.136829 0.018755