1 0.118144 0.354220 0.096099 0.019182
1 0.121496 0.379795 0.098334 0.019182
1 0.121496 0.404731 0.093864 0.017903
1 0.105852 0.532609 0.067046 0.025575
1 0.209214 0.532609 0.063693 0.020460
1 0.106969 0.624680 0.064811 0.017903
1 0.106969 0.648977 0.060341 0.023018
1 0.123731 0.776215 0.102803 0.021739
1 0.127083 0.796675 0.109508 0.016624
1 0.151666 0.819693 0.154205 0.019182
1 0.162841 0.841432 0.176554 0.019182
1 0.422084 0.776215 0.096099 0.019182
1 0.424319 0.797315 0.105038 0.020460
1 0.436610 0.819054 0.120682 0.020460
1 0.113674 0.931586 0.082690 0.023018
1 0.111439 0.955882 0.073750 0.020460
0 0.429906 0.184783 0.366516 0.023018
0 0.429906 0.209079 0.375456 0.023018
0 0.533827 0.233376 0.578827 0.023018
0 0.531592 0.259591 0.583297 0.024297