0 0.258548 0.139244 0.465170 0.041205
0 0.735623 0.139244 0.467002 0.041205
0 0.259464 0.196789 0.467002 0.036942
0 0.734707 0.195368 0.461508 0.036942
0 0.496628 0.295539 0.934003 0.123615
0 0.358358 0.407786 0.250899 0.038363
0 0.358358 0.445439 0.250899 0.039784
0 0.360190 0.485223 0.254562 0.039784
0 0.830854 0.407786 0.254562 0.041205
0 0.829023 0.446149 0.254562 0.038363
0 0.829023 0.485223 0.254562 0.039784
0 0.359274 0.537795 0.252730 0.039784
0 0.359274 0.576868 0.252730 0.038363
0 0.358358 0.615942 0.250899 0.039784
0 0.830854 0.536374 0.254562 0.042626
0 0.830854 0.576868 0.258224 0.038363
0 0.830854 0.615942 0.254562 0.036942
0 0.258548 0.689116 0.461508 0.035521
0 0.733791 0.689827 0.459676 0.036942
0 0.261295 0.748792 0.459676 0.038363
0 0.730128 0.748792 0.456013 0.038363
0 0.493881 0.868144 0.935835 0.133561