0 0.298375 0.251993 0.374634 0.045133
0 0.671944 0.252746 0.376762 0.043629
0 0.296246 0.295622 0.374634 0.045133
0 0.671944 0.295622 0.376762 0.045133
0 0.297311 0.338499 0.376762 0.043629
0 0.671944 0.339251 0.376762 0.045133
0 0.297311 0.382127 0.376762 0.043629
0 0.673008 0.382879 0.374634 0.045133
0 0.407445 0.507246 0.595062 0.039784
0 0.783379 0.507957 0.156807 0.041205
0 0.485848 0.571185 0.751869 0.088093
0 0.354171 0.844700 0.464389 0.035521
1 0.254659 0.466041 0.068352 0.017050
1 0.381311 0.467462 0.160828 0.017050
1 0.520024 0.466041 0.088455 0.017050
1 0.615516 0.466752 0.078403 0.012788