0 0.248475 0.094898 0.231983 0.037690
0 0.557542 0.094225 0.233451 0.039036
0 0.249944 0.174990 0.234920 0.039036
0 0.555339 0.175663 0.229047 0.040382
0 0.161849 0.284695 0.055793 0.034998
0 0.308674 0.284695 0.231983 0.037690
0 0.162583 0.331135 0.054325 0.033652
0 0.307205 0.332481 0.234920 0.039036
0 0.579565 0.284695 0.192341 0.037690
0 0.578831 0.331808 0.193809 0.034998
1 0.361531 0.378247 0.440475 0.033652
1 0.186809 0.494683 0.105714 0.029614
1 0.306471 0.494683 0.124801 0.034998
1 0.199289 0.569390 0.121865 0.030960
1 0.327761 0.569390 0.117460 0.033652
0 0.172861 0.711401 0.080754 0.037690
0 0.174329 0.748418 0.077817 0.036344
0 0.173595 0.789474 0.076349 0.034998
0 0.171864 0.928238 0.326556 0.036107
0 0.500061 0.928238 0.326556 0.039115
0 0.825796 0.928991 0.328197 0.037611