0 0.568381 0.335490 0.706083 0.033098
0 0.567409 0.367083 0.704138 0.033098
0 0.367060 0.390402 0.307331 0.016549
0 0.780401 0.391154 0.278154 0.018053
1 0.255215 0.421243 0.068080 0.024071
1 0.331075 0.422747 0.087531 0.021062
1 0.573244 0.407703 0.081696 0.018053
1 0.652022 0.408455 0.079750 0.019558
1 0.577134 0.436287 0.085586 0.021062
1 0.669528 0.437039 0.095311 0.019558
0 0.569354 0.477659 0.700248 0.031593
0 0.570326 0.523544 0.702193 0.064691
0 0.370950 0.570934 0.303441 0.033098
0 0.585887 0.570934 0.130324 0.033098
0 0.718156 0.570934 0.138104 0.033098
0 0.854316 0.570182 0.134214 0.031593
0 0.570326 0.601023 0.702193 0.033098
0 0.569354 0.625846 0.704138 0.016549
0 0.569354 0.650669 0.700248 0.033098
0 0.370950 0.682263 0.303441 0.031593
0 0.720102 0.681510 0.398752 0.033098
0 0.478905 0.746201 0.885035 0.069204
0 0.478905 0.836468 0.885035 0.081240