0 0.864036 0.197783 0.217724 0.032396
0 0.825481 0.236999 0.308443 0.035806
0 0.555593 0.273657 0.857289 0.027280
0 0.561263 0.302643 0.845949 0.027280
0 0.312922 0.331628 0.403697 0.027280
0 0.793729 0.332481 0.385553 0.032396
0 0.291376 0.433078 0.487611 0.047741
0 0.583703 0.433039 0.098966 0.049988
0 0.713596 0.434201 0.160819 0.047663
0 0.879054 0.434201 0.170097 0.047663
0 0.292992 0.481283 0.488642 0.048826
0 0.583703 0.481865 0.098966 0.047663
0 0.713596 0.481865 0.157726 0.047663
0 0.877507 0.481283 0.170097 0.046501
0 0.292992 0.528947 0.488642 0.048826
0 0.584476 0.530109 0.097419 0.046501
0 0.714369 0.530109 0.159273 0.046501
0 0.875961 0.528365 0.167004 0.047663
0 0.292992 0.576029 0.491735 0.045338
0 0.585250 0.576610 0.095873 0.046501
0 0.714369 0.576610 0.159273 0.044176
0 0.878280 0.576610 0.165458 0.046501
0 0.292992 0.623111 0.488642 0.046501
0 0.585250 0.623111 0.095873 0.046501
0 0.713596 0.622530 0.160819 0.047663
0 0.879054 0.622530 0.170097 0.047663
0 0.293765 0.670193 0.490189 0.047663
0 0.586023 0.670193 0.097419 0.047663
0 0.713596 0.669030 0.160819 0.047663
0 0.879827 0.669612 0.168551 0.046501
0 0.292219 0.717275 0.493281 0.048826
0 0.585250 0.717856 0.095873 0.047663
0 0.713596 0.717275 0.160819 0.046501
0 0.879054 0.716694 0.170097 0.047663
0 0.326238 0.837596 0.530393 0.105789
0 0.841168 0.767263 0.245868 0.037201
0 0.817200 0.803883 0.290711 0.036038
0 0.831890 0.837596 0.252053 0.031388
0 0.822612 0.867240 0.267516 0.032551
1 0.108205 0.919554 0.109790 0.026738
1 0.238870 0.920716 0.123707 0.024413
1 0.403555 0.923041 0.187107 0.026738
1 0.604579 0.921297 0.202570 0.023250
1 0.773130 0.918972 0.122161 0.025575