1 0.184684 0.354220 0.103749 0.066496
1 0.346410 0.349105 0.122058 0.056266
1 0.653590 0.237852 0.109852 0.043478
1 0.676984 0.282609 0.160710 0.046036
1 0.692241 0.332481 0.191224 0.043478
1 0.695293 0.381074 0.193258 0.048593
1 0.674950 0.432225 0.156641 0.048593
1 0.703430 0.480818 0.217670 0.048593
1 0.717670 0.634271 0.233944 0.043478
1 0.671898 0.679028 0.146470 0.046036
1 0.671898 0.731458 0.146470 0.043478
1 0.640367 0.932225 0.099681 0.056266
1 0.765476 0.928389 0.097646 0.053708
1 0.182649 0.721228 0.091543 0.048593
1 0.306742 0.723785 0.095612 0.053708
1 0.223335 0.858056 0.172915 0.046036
1 0.228421 0.904092 0.179018 0.040921
1 0.252833 0.952685 0.219704 0.046036
0 0.212147 0.177749 0.150538 0.071611
0 0.366753 0.180307 0.146470 0.066496
0 0.290467 0.268542 0.307179 0.069054
0 0.292501 0.430946 0.303111 0.066496
0 0.292501 0.579284 0.303111 0.071611