0 0.365880 0.305743 0.673893 0.030226
0 0.836074 0.306324 0.266494 0.031388
0 0.365880 0.356312 0.673893 0.029063
0 0.835308 0.356312 0.264962 0.029063
0 0.192812 0.406301 0.327757 0.031388
0 0.663006 0.405720 0.612630 0.030226
0 0.497596 0.456289 0.940387 0.031388
0 0.498361 0.507440 0.938855 0.029063
0 0.110873 0.556847 0.166942 0.030226
0 0.276283 0.556266 0.163878 0.031388
0 0.662240 0.556266 0.611098 0.031388
0 0.111639 0.607417 0.165410 0.029063
0 0.582598 0.606836 0.773445 0.030226
0 0.807739 0.756801 0.320099 0.026738
0 0.807739 0.782376 0.320099 0.026738
0 0.193578 0.861428 0.329289 0.040688
0 0.512146 0.861428 0.304783 0.040688
0 0.816929 0.863171 0.304783 0.041851
0 0.329888 0.951523 0.255773 0.030226
0 0.586427 0.952685 0.257305 0.032551
0 0.841434 0.953267 0.255773 0.031388
1 0.103215 0.671355 0.145500 0.025575
1 0.071052 0.696931 0.084237 0.025575
1 0.446288 0.670774 0.252710 0.026738
1 0.467730 0.696350 0.295594 0.024413
1 0.790126 0.670774 0.156221 0.026738
1 0.775576 0.696350 0.133247 0.024413
1 0.069521 0.757382 0.081173 0.025575
1 0.067223 0.783539 0.076579 0.026738
1 0.247183 0.757963 0.081173 0.026738
1 0.246417 0.783539 0.079642 0.026738