0 0.315679 0.143223 0.256135 0.056266
0 0.253440 0.208440 0.131658 0.053708
0 0.383901 0.210997 0.110114 0.053708
0 0.368342 0.277494 0.146021 0.053708
0 0.315679 0.345269 0.256135 0.056266
0 0.314482 0.424552 0.253741 0.061381
0 0.314482 0.496164 0.253741 0.056266
0 0.314482 0.574169 0.253741 0.053708
0 0.314482 0.649616 0.253741 0.056266
0 0.239077 0.776215 0.409337 0.053708
0 0.234290 0.923274 0.409337 0.056266
0 0.747757 0.209719 0.406943 0.061381
0 0.750151 0.379795 0.411731 0.053708
0 0.747757 0.562660 0.411731 0.056266
1 0.646021 0.755754 0.088570 0.043478
1 0.771695 0.755754 0.081389 0.043478
1 0.648415 0.924552 0.083782 0.043478
1 0.770498 0.925831 0.088570 0.040921