0 0.754925 0.294118 0.306306 0.045249
0 0.600630 0.384615 0.610326 0.041314
0 0.600630 0.423962 0.610326 0.041314
0 0.599487 0.537084 0.612612 0.039347
0 0.394902 0.575448 0.203442 0.037380
0 0.804071 0.575448 0.203442 0.037380
0 0.394902 0.610860 0.203442 0.037380
0 0.804071 0.612827 0.203442 0.037380
0 0.394902 0.649223 0.203442 0.039347
0 0.805214 0.650207 0.205728 0.037380
0 0.602302 0.791925 0.607060 0.040190
0 0.601240 0.870479 0.609183 0.040190
0 0.286036 0.944465 0.407537 0.056631
0 0.702063 0.944465 0.411782 0.056631
1 0.348653 0.830289 0.074291 0.029229
1 0.514214 0.827548 0.091271 0.027402
1 0.670225 0.828462 0.114620 0.025575
1 0.652183 0.687797 0.065800 0.029229
1 0.512092 0.689624 0.099762 0.025575
1 0.356082 0.690537 0.089149 0.027402