1 0.061555 0.560693 0.091161 0.037380
1 0.048761 0.602990 0.068770 0.035412
1 0.059956 0.647256 0.087962 0.037380
1 0.055158 0.689553 0.081565 0.039347
1 0.069552 0.733819 0.107154 0.037380
1 0.566937 0.557741 0.126345 0.039347
1 0.553342 0.604958 0.102356 0.039347
1 0.575733 0.646272 0.140739 0.039347
1 0.558940 0.689553 0.110352 0.039347
1 0.571734 0.731851 0.135941 0.041314
1 0.044762 0.250836 0.067171 0.039347
1 0.040764 0.293134 0.059174 0.037380
1 0.535750 0.249852 0.060774 0.037380
1 0.532551 0.294118 0.067171 0.047216
0 0.512560 0.894157 0.951589 0.153453
0 0.269465 0.412158 0.459002 0.133779
0 0.755655 0.415109 0.455803 0.135747
0 0.754855 0.141649 0.447806 0.041314
0 0.265467 0.142632 0.444608 0.043282