0 0.265729 0.144501 0.290537 0.066496
0 0.265729 0.277494 0.286445 0.066496
0 0.264706 0.400256 0.284399 0.066496
0 0.690281 0.153453 0.313043 0.053708
0 0.685166 0.285166 0.298721 0.061381
0 0.684143 0.405371 0.296675 0.056266
0 0.686189 0.677749 0.296675 0.125320
0 0.265729 0.666240 0.290537 0.143223
1 0.160358 0.517903 0.087980 0.046036
1 0.261637 0.516624 0.085934 0.048593
1 0.360870 0.515345 0.092072 0.046036
1 0.579795 0.519182 0.092072 0.048593
1 0.679028 0.517903 0.085934 0.046036
1 0.779284 0.517903 0.094118 0.040921
1 0.162404 0.799233 0.092072 0.046036
1 0.261125 0.795396 0.089003 0.038363
1 0.357801 0.796675 0.098210 0.040921
1 0.583887 0.795396 0.087980 0.038363
1 0.683120 0.794118 0.090026 0.040921
1 0.783376 0.795396 0.098210 0.043478