0 0.264395 0.098039 0.467205 0.036536
0 0.736240 0.098039 0.464110 0.038972
0 0.501091 0.163196 0.940597 0.037754
0 0.502638 0.202777 0.931315 0.038972
0 0.265942 0.242967 0.464110 0.038972
0 0.733146 0.242967 0.464110 0.038972
0 0.265942 0.284375 0.464110 0.041408
0 0.733146 0.283766 0.464110 0.040190
0 0.501091 0.349531 0.940597 0.040190
1 0.097315 0.417732 0.126857 0.025575
1 0.112785 0.452442 0.163986 0.021922
0 0.501091 0.518512 0.946785 0.039581
0 0.501091 0.582755 0.940597 0.038972
1 0.154555 0.649129 0.241337 0.023140
1 0.135991 0.685057 0.222773 0.024358
1 0.131350 0.718548 0.213491 0.023140
1 0.151461 0.753258 0.235149 0.026793
1 0.135991 0.787967 0.210397 0.025575
1 0.149914 0.823895 0.238243 0.024358
1 0.154555 0.857386 0.247526 0.025575
0 0.502638 0.932286 0.937503 0.060894