0 0.274510 0.123943 0.227392 0.027543
0 0.775969 0.123943 0.205850 0.035412
0 0.334350 0.202636 0.327923 0.027543
0 0.798708 0.203620 0.050266 0.025575
0 0.379828 0.240999 0.241754 0.029510
0 0.803495 0.244934 0.169946 0.025575
0 0.336743 0.282314 0.337498 0.029510
0 0.738868 0.286248 0.294413 0.025575
0 0.359483 0.322644 0.296806 0.027543
0 0.746049 0.323628 0.280051 0.025575
0 0.298446 0.364942 0.155584 0.025575
0 0.286478 0.424946 0.117286 0.023608
0 0.467195 0.422979 0.129254 0.023608
0 0.657486 0.422979 0.122074 0.027543
0 0.828628 0.421995 0.095744 0.029510
0 0.600039 0.472162 0.600793 0.027543
0 0.500705 0.502656 0.799462 0.025575
0 0.499508 0.530199 0.797069 0.025575
0 0.497115 0.592170 0.801856 0.027543
0 0.498311 0.619713 0.794675 0.031477
0 0.499508 0.650207 0.801856 0.025575
0 0.499508 0.679717 0.801856 0.029510
0 0.500705 0.709227 0.804249 0.033445
0 0.498311 0.737753 0.799462 0.027543
0 0.494721 0.800708 0.792281 0.027543
0 0.495918 0.829235 0.794675 0.029510
0 0.494721 0.858745 0.792281 0.033445
0 0.495918 0.890222 0.789888 0.029510