0 0.301429 0.157214 0.396653 0.031593
0 0.698082 0.158718 0.396653 0.031593
0 0.301429 0.188807 0.396653 0.031593
0 0.698082 0.188807 0.400308 0.031593
0 0.500669 0.225666 0.791477 0.045133
0 0.242937 0.264029 0.276012 0.031593
0 0.501583 0.264029 0.241282 0.031593
0 0.759316 0.264029 0.274184 0.031593
0 0.242023 0.294870 0.277840 0.030089
0 0.501583 0.294870 0.241282 0.030089
0 0.759316 0.294870 0.274184 0.030089
0 0.241109 0.325711 0.279668 0.031593
0 0.501583 0.324959 0.241282 0.030089
0 0.759316 0.325711 0.274184 0.031593
0 0.242937 0.363322 0.276012 0.043629
0 0.639589 0.363322 0.517294 0.046638
0 0.302343 0.546111 0.394825 0.031593
0 0.698082 0.546863 0.396653 0.030089
0 0.501583 0.584474 0.793305 0.048142
0 0.302343 0.667218 0.394825 0.030089
0 0.698082 0.667218 0.396653 0.030089
0 0.302343 0.698059 0.394825 0.031593
0 0.698082 0.698059 0.396653 0.031593
0 0.302343 0.728900 0.394825 0.030089
0 0.698082 0.728900 0.396653 0.030089
0 0.500669 0.758989 0.791477 0.033098
0 0.500669 0.789830 0.791477 0.031593
0 0.500669 0.820671 0.791477 0.030089
0 0.499756 0.865804 0.793305 0.060178
0 0.788966 0.487280 0.206071 0.025575
1 0.174842 0.411899 0.070326 0.017499
1 0.168300 0.430744 0.057242 0.016153
1 0.193650 0.447570 0.104671 0.014807
1 0.227995 0.463050 0.176632 0.013461
1 0.219000 0.479203 0.158642 0.016153
1 0.197739 0.495356 0.119390 0.013461
1 0.466775 0.413245 0.107942 0.016153
1 0.448785 0.429398 0.071961 0.013461
1 0.458598 0.444878 0.091587 0.014807
1 0.468411 0.463723 0.107942 0.014807
1 0.461869 0.480549 0.104671 0.016153
1 0.458598 0.495356 0.101400 0.013461
1 0.728453 0.412572 0.081774 0.017499
1 0.738266 0.430071 0.104671 0.017499
1 0.727635 0.446897 0.080139 0.013461
1 0.788148 0.464396 0.204435 0.016153