0 0.241013 0.025575 0.167089 0.035806
0 0.250295 0.078005 0.189367 0.058824
0 0.241013 0.141944 0.167089 0.033248
0 0.241941 0.184143 0.165232 0.030691
1 0.062785 0.322251 0.074262 0.035806
1 0.070211 0.360614 0.089114 0.035806
1 0.071139 0.485934 0.090970 0.046036
1 0.073924 0.534527 0.092827 0.035806
1 0.085991 0.572890 0.116962 0.040921
0 0.227523 0.650207 0.148523 0.045249
0 0.215385 0.704308 0.132814 0.062955
0 0.194677 0.791855 0.074262 0.108204
0 0.220383 0.866614 0.128530 0.037380
0 0.212528 0.918749 0.107108 0.059020
0 0.206816 0.978064 0.095683 0.043872