0 0.263035 0.139866 0.459613 0.035166
0 0.727800 0.139866 0.469918 0.035166
0 0.264065 0.203804 0.457552 0.035166
0 0.726770 0.203005 0.467857 0.036765
0 0.337233 0.278932 0.311218 0.041560
0 0.337233 0.321292 0.307096 0.043159
0 0.338263 0.362852 0.309157 0.043159
0 0.337233 0.405211 0.311218 0.041560
0 0.337233 0.449968 0.311218 0.047954
0 0.338263 0.495524 0.309157 0.043159
0 0.825700 0.278932 0.269997 0.041560
0 0.826730 0.320492 0.272058 0.041560
0 0.827761 0.363651 0.274119 0.044757
0 0.826730 0.406010 0.276180 0.043159
0 0.826730 0.449169 0.272058 0.046355
0 0.825700 0.494725 0.269997 0.044757
0 0.337233 0.573050 0.307096 0.041560
0 0.337233 0.613811 0.307096 0.039962
0 0.572192 0.654572 0.781136 0.041560
0 0.825700 0.613012 0.269997 0.041560
0 0.826730 0.572251 0.272058 0.039962
0 0.338263 0.695332 0.309157 0.039962
0 0.825700 0.695332 0.269997 0.043159
0 0.109487 0.819214 0.144273 0.041560
0 0.254791 0.819214 0.146334 0.041560
0 0.410400 0.819214 0.164884 0.041560
0 0.826730 0.778453 0.272058 0.043159
0 0.826730 0.819214 0.272058 0.041560
0 0.500055 0.911125 0.933653 0.089514